0110912
0109830
0102926
0111161
0107290
0076759
0112573
0114709
0103064
0108052
0112384
0106977
0086190
0133093
0116629
0096895
0099348
0114746
0114814
0111503
0080684
0169547
0103639
0082971
0116282
0068646
0088763
0114369
0109040
0111257
0137523
0117060
0167404
0110357
0120815
0120737
0101414
0112864
0112462
0117998
0119654
0120338
0167261
0107614
0083866
0110475
0109686
0100405
0111282
0093779
0117500
0126029
0088247
0172495
0071853
0112431
0109444
0073486
0167260
0107048
0120915
0097576
0078748
0083658
0067992
0095016
0113189
0209144
0099653
0087332
0108160
0071562
0119488
0119217
0111280
0099785
0114898
0110148
0119116
0109831
0120601
0120903
0105236
0114069
0090605
0095953
0099685
0106582
0112697
0106918
0190332
0034583
0075314
0145660
0110413
0129387
0113957
0062622
0113277
0325980
0138097
0066921
0112740
0115685
0113161
0115759
0120382
0181689
0211915
0198781
0114924
0163651
0110632
0117951
0081505
0266543
0109445
0032138
0113627
0120363
0120586
0057012
0240772
0078788
0145487
0091042
0118655
0114388
0088847
0120591
0112818
0116695
0113497
0119822
0098635
0338013
0268978
0073195
0096438
0113862
0112281
0093058
0099487
0099810
0266697
0087469
0120689
0079470
0120623
0092099
0110932
0086879
0118715
0118884
0151804
0092005
0097165
0099088
0094721
0100802
0468569
0107688
0080455
0117731
0185937
0094737
0258463
0096874
0117218
0095159
0107818
0317705
0054215
0190590
0181875
0080339
0106673
0162222
0119177
0106220
0116483
0107206
0106697
0246578
0112346
0378194
0372784
0119094
0029583
0118799
0112641
0033467
0119528
0108550
0158983
0264464
0116213
0047396
0107822
0093409
0097523
0116996
0208092
0110478
0096754
0120616
0117571
0181865
0241527
0130827
0061722
0120755
0234215
0120630
0160127
0116209
0053125
0077631
0109707
0075686
0121765
0110322
0109506
0111070
0120655
0088258
0064115
0195685
0031381
0084726
0117979
0146882
0119174
0109446
0091763
0078346
0212338
0119164
0071315
0094226
0104257
0099423
0072431
0335266
0120201
0120663
0093822
0108399
0120660
0115798
0316654
0107977
0113492
0110622
0104952
0116136
0109254
0108358
0290334
0112851
0120735
0117438
0070735
0108598
0099052
0401792
0112715
0119229
0056592
0118842
0113228
0075148
0097757
0118571
0107616
0052357
0038650
0119567
0060196
0298148
0295297
0106598
0093773
0114319
0075860
0180093
0118880
0105695
0128445
0059742
0093870
0058331
0177789
0120746
0107144
0120888
0114148
0118749
0103644
0073629
0082096
0134119
0120789
0117666
0088011
0032910
0112642
0097733
0092007
0126886
0107362
0113041
0114508
0108333
0434409
0407887
0088846
1375666
0116253
0108174
0070047
0217869
0109439
0113481
0187393
0162661
0117333
0245429
0372183
0085334
0056172
0066026
0105793
0050212
0063442
0033870
0125439
0116367
0114287
0112442
0032455
0103776
0120347
0106308
0104691
0304141
0120902
0097441
0120188
0120647
0097351
0155267
0103074
0105435
0090555
0113071
0110598
0113117
0117913
0104036
0093010
0110877
0088161
0109635
0050083
0113326
0317248
0110997
0319061
0113986
0265666
0103994
0381061
0112691
0243155
0242653
0147800
0310793
0121766
0910970
0289043
0111255
0118929
0119396
0118971
0090329
0175880
0120611
0110638
0053291
0061512
0128853
0058150
0094012
0093105
0371746
0092890
0056869
0099674
0118583
0087363
0097493
0091203
0077975
0116583
0103772
0114694
0117381
0102975
0113855
0088170
0116683
0116778
0088933
0449059
0120885
0268380
0118883
0203009
0110074
0047478
0120891
0365748
0117918
0110367
0109045
0108065
0457430
0212720
0482571
0057115
0107943
0177971
0089218
0077416
0218839
0045152
0117765
0117509
0131325
0086960
0054698
0083987
0119008
0071230
0122690
0091064
0120587
0048280
0119738
0043265
0117705
0084827
0103874
0058385
0088323
0104694
0109813
0112792
0079945
0110216
0110057
0416449
0440963
0112572
0112579
0110527
0467406
0112722
0110099
0286106
0253474
0086250
0325710
0241303
0061418
0259446
0117802
0477348
0265086
0113819
0230600
0187078
0095765
0330373
0127536
0081398
0120812
0118688
0142342
0086465
0042332
0122933
0101540
0087182
0096446
0033563
0107207
0052618
0122151
0084516
0106519
0104714
0098258
0105112
0100263
0117665
0499549
0115641
0101921
0115963
0080801
0117318
0120912
0383574
0405422
0343818
0140352
0119698
0212346
0317740
0298130
0082340
0333766
0276751
0056218
0361748
0114558
0268126
0138704
0090756
0082694
0061852
0079501
0114681
0074285
0143145
0088128
0100157
0139134
0080487
0115433
0067116
0112508
0097239
0137494
0166924
0120768
0120863
0055614
0112682
0120844
0081573
0091419
0068473
0163187
1010048
0106965
0118114
0081633
0132347
0116225
0117887
0116908
0093565
0120032
1049413
0315327
0332379
0405159
0250494
0175142
0120053
0207201
0139239
0084787
0375679
0133152
0299658
0206634
0129167
0079522
0209958
0067185
0102057
0087538
0091369
0065421
0186151
0096928
0097428
0112883
0063350
0120784
0106677
0110950
0171804
0113749
0086200
0066206
0083929
0101272
0083791
0113243
0083131
0084805
0108002
0150377
0108071
0116191
0117631
0114781
0114168
0101393
0110213
0101761
0382932
0289879
0117108
0314331
0085959
0144084
0295178
0181852
0213149
0259711
0252866
0183505
0094625
0120762
0361596
0184894
0257044
0063522
0327056
0104361
0043274
0092991
0055254
0395169
0120685
0102798
0125664
0087800
0119345
0151738
0086197
0120890
0149261
0082010
0098382
0114436
0094947
0102138
0120738
0091790
0132477
0120657
0069704
0082509
0115956
0105488
0120780
0098724
0390521
0109348
0101889
0110428
0105151
0109836
0114614
0144117
0139654
1136608
0110005
0209163
0120669
0249462
0112966
0210945
0215129
0369339
0105323
0095705
0164052
0111495
0046183
0034492
0141926
0118998
0120082
0093748
0105417
0055928
0443453
0119173
0093389
0061578
0057076
0111149
0024216
0124315
0098213
0120148
0079367
0082158
0101587
0102803
0116313
0137363
0094812
0079588
0117110
1119646
0096487
0379786
0796366
0425112
0109642
0087553
0375063
0367594
0114214
0196229
0102250
0166396
0104692
0427944
0116130
0212985
0221027
0146316
0286499
0116905
0215750
0134847
0190138
0101700
0072890
0104431
0080678
0108394
0299977
0120794
0099077
0119081
0070707
0183523
0145681
0093894
0036613
0082198
0032904
0106611
0044081
0128442
0063462
0113419
0091867
0092086
0082348
0085244
0117723
0117128
0089155
0363771
0396269
0185014
0113568
0046672
0217505
0450259
0120324
0116477
0099703
0232500
0258000
0043014
0163025
0041959
0311113
0058461
0134084
0114906
0173840
0238380
0077651
0053285
0084503
0064665
0106856
0161081
0129290
0078841
0043456
0117608
0280707
0829482
0097216
0087995
0103855
0048545
0118928
0116365
0105690
0117038
0091326
0120802
0109068
0089370
0099422
0113987
0308644
0356910
0113097
0106387
0144214
0374900
0480249
0358273
0407304
0118111
0085995
0115736
1205489
0120184
0443543
0376994
1022603
0272152
0111797
0159097
0046250
0278504
0261392
0420223
0181536
0100150
0119951
0097958
0104348
0120631
0120484
0120744
0118615
0031679
0059113
0160862
0087928
0090305
0133751
0105265
0089791
0070016
0088939
0107050
0116250
0103241
0109508
0097937
0105812
0364569
0114478
0111127
0112679
0092699
0116731
0332452
0343660
0373889
0123755
0315733
0111438
0162346
0108255
0371724
0319262
0119349
0072081
0170016
0099371
1130884
0349903
0244244
0066765
0425210
0116654
0338751
0046912
0117589
0117008
0047296
0120913
0107302
0057546
0988045
0089530
0075005
0079817
0096061
0120595
0093437
0120179
0120828
0089017
0100403
0120177
0146675
0077869
0435761
0114887
0089755
0092493
0098627
0091059
0111742
0114682
0069113
0399295
0023969
0418279
0107501
0360717
0038355
0066999
0405094
0108122
0183790
0120917
0163978
0017136
0347149
0266915
0091605
1504320
0110516
0223897
0064276
0088794
0388795
0120855
0266987
0257360
0454848
0186566
0118055
0119643
0167190
0113101
0047437
0285742
0111507
0245712
0120907
0145531
0120632
0110989
0387564
0462538
0084602
0108525
0409459
0116669
0449088
0111693
0086393
0100502
0095631
0115697
0115683
0107978
0086425
0046534
0101605
0302886
0118887
0096283
1156398
0362270
0112471
0115678
0115571
0246460
0289765
0195714
0272338
0245844
0364725
0118798
0074958
0361862
0116409
0119282
0053604
0083944
1285016
0044079
0947798
0115857
0164912
0099871
0120102
0090728
0357413
0089880
0079417
0113540
0054331
0074812
0089927
0107798
0100758
0111756
0118607
0039628
0106489
0070328
0103893
0130121
0087781
0108149
0171363
0040897
0362227
0469494
0098067
0382625
0113870
0110167
0108162
0086979
0298203
0083907
0183649
0478311
0765429
0044706
0242423
0110116
0120832
0216216
0373469
0329575
0218967
0038787
0172493
0191754
0106400
0102510
0119395
0119668
0119468
0171580
0120873
0063823
0174856
0079574
0099700
0091217
0104868
0104797
0758758
0848228
0090633
0104437
0055277
0077766
0108101
0936501
0114279
0119360
0036775
0084649
0780536
0325805
0245574
0286716
0096463
0328107
0042192
0082846
0287978
0187738
0256380
0309698
0092513
1182345
0089881
0107282
0204946
0094291
0251075
1250777
0117107
0070608
0115624
0265459
0086567
0048728
0408306
0032976
0088930
0049366
0381849
0181984
0052311
0892769
0113670
0307901
0066995
0368891
0113118
0130018
0104815
0097499
0120787
0266308
0110955
0082517
0042451
0055824
0109676
0114857
0083530
1345836
0120684
0120804
0059578
0108551
0236493
0311429
0164181
0106226
0066817
0368447
0275847
0120176
0295701
0372588
0112585
0070511
0441773
0120681
0081283
0115986
0165929
0112401
0094898
0147612
0082949
0162650
0377092
0112461
0119190
0029947
0165798
0112857
0185125
0120910
0146838
0105698
0092644
0076752
0117615
0097742
0059800
0118158
0089886
0319343
0421715
0120777
0312004
0317219
0113845
0058182
0064116
0121164
0074119
0115734
0110771
0087843
0367882
0115907
0413300
0486655
0417741
0185906
0112571
0099334
0301357
0352248
0022100
0290002
0131369
0086837
0274812
0360486
0070666
0119978
0120889
0070909
0399201
0070723
0171433
0114576
0082406
0243133
0185183
1228705
0025316
0265029
0080761
0100519
0134273
0141369
0227445
0449467
0110443
0320691
0096969
0139809
0085549
0050976
0120461
0119874
0139414
0112896
0305224
1853728
0115639
0200550
0455590
0111112
0305357
0887883
0082398
0120633
0363547
0230030
0095031
0385004
0209475
0116922
0110729
0056923
0274558
0386588
0065988
0081375
0119137
0088172
0102685
0095647
0337978
0122718
0105629
0029843
0124298
0097647
0049408
0080453
0071807
0110657
0084021
0119942
0120797
0140379
0350258
1201607
0084865
0332280
0054997
1125849
0091129
0887912
0363163
0089853
0318462
0110684
0373074
0097123
0103859
0227538
0115751
0117331
0091541
0926084
0168629
0443706
0032599
0083511
0099582
0054047
0111143
0032553
0013442
0118617
0496806
0097815
0082089
0101669
0399146
0182789
0116705
0049223
0095956
0107131
0084707
0109127
0100507
0166485
0084434
0097240
0113114
0067065
0071360
0105046
0107554
0089457
0051622
0119099
0106332
0113501
0120255
0091225
0118147
0086856
0101507
0166896
0032551
0322259
0109484
0091738
0370263
0257106
0120667
0307987
0433383
0163988
0338526
0027977
0093191
0446029
0083833
0305206
0164184
0298228
0115644
0116704
0026029
0104346
0104940
0042876
0110027
0087277
0462322
0205000
0086066
0074860
0097778
0098084
0101452
0089822
0800039
0199753
0090264
0095270
0118972
0081353
0094074
1270798
0112701
0463854
0050798
0054953
0066808
0073341
0108186
0117247
0089606
0118548
1193138
0376541
0104070
0408236
0101410
0387131
0055630
0116242
0050825
0340855
0268695
0203019
0092067
0454921
0116324
0366551
0251127
0105226
0348150
0159365
0142688
0190865
0114367
0108037
0118689
1392170
0146309
0021884
0109759
0087803
0098384
0061811
0356721
0113198
0103919
0088000
0073802
0042546
0107211
0107969
0054357
0096332
1403865
0111201
0096764
0110971
0110907
0127723
0091877
0381681
0092965
0379725
0106471
1060277
0351283
0165854
0335438
0339291
0250687
0085407
0096734
0116768
0240890
0416320
0287467
0089118
0111418
0277434
0337563
0025878
0116830
0089670
0099938
0296572
0091949
0120783
0103850
0063819
0106452
0945513
0094137
0078767
0062711
0090863
0458352
0112817
0057372
0157503
0942385
0090060
0113828
0109219
0101775
0097162
0286244
0076538
0340377
0087544
0414387
0114660
0094791
0116095
0162677
0114496
0109758
0113972
0091288
0101640
0075029
0253754
0107808
0327597
0256415
0119313
0113347
0206275
0110737
0114117
0085859
0100814
0106292
0107497
0072271
0078902
0068327
0155975
0448157
0115491
0063374
0118708
0765443
0063518
0065214
0119223
0092106
0054033
0100436
0074751
0830515
0110066
0116329
0040522
0115438
0107076
0317919
0095327
0089469
0280590
0335345
0119675
0277027
0107507
0116040
0056801
0185371
0185431
0285823
0056193
0104291
0061184
0139699
0346156
0043278
0118954
0290538
0293662
0077928
1227926
0138304
0118771
0104231
0310281
0067093
0096320
0118632
0118747
0082031
0111512
0133952
0054387
0061395
0091777
0107478
0091480
0057261
0063688
0146984
0243017
0118789
0405296
0100994
0119731
0106881
1139797
0114048
0322802
0091306
1014759
0144168
0093260
0085970
0122541
0114594
0418763
0118073
0097108
0104454
0077402
0111732
0144528
0119683
0035423
0112760
0159273
0313542
0120202
0045793
0203230
0334405
0237534
0465538
0838221
0076618
0164334
0115964
0114057
0116287
0095675
0051459
0093756
0120185
0087985
0265343
0076666
0112950
0412019
0365737
0172156
0040746
0114885
0375912
0458525
0780504
0314979
0191397
0428803
0106246
0253556
0111400
0046359
0337741
0119141
0097202
0056197
0086617
0053198
0307479
1132620
0095497
0078480
0903624
0120679
0105414
0085809
0247638
0328832
0040506
0117774
0116277
0102059
0119303
0120791
0051418
0070034
0098554
0186508
0452623
0108147
0105415
0118661
0110366
0103060
0064757
0084917
0116684
0078446
0276919
0113820
0325703
1074638
1276104
0112365
0104684
0120321
0122459
0091557
0067328
0247745
0090830
0119280
0083767
0343135
0432283
0203119
0120008
0095776
0110265
0424345
0151137
0800080
0265349
0180073
0092563
0096257
0414993
0104389
0116552
0093640
0472043
0090685
0108181
0090357
0131857
0101862
0109520
0061735
0101969
0453467
0104187
0146336
0275277
0098536
0048960
0020629
0089767
0082269
0072951
0037008
0110889
0112379
0111686
1323594
0109370
0090967
0120399
0477347
1675434
0910936
0094027
0390384
0064603
0119361
0497116
0088286
0208874
0292506
0247425
0074486
0243736
0300471
0257076
0368008
0208003
0230011
0120434
0114272
0022111
1013753
0178868
0147004
0099317
0021749
0102494
0083798
0103873
0104558
0280760
0160797
0068699
0317910
0800369
0096787
0117039
0219699
0057413
0047034
0119558
0087050
0248845
1028528
0054594
0048380
0095882
0363988
0318627
0114194
0120402
0320661
0125659
0306047
1542344
0277296
0448134
0087755
0119051
0115509
1190080
0438097
0493464
0100477
0116839
0112819
0277371
0264472
0322330
0313737
0130623
0116126
0065462
0138524
0093177
0219965
0097814
0084352
0094862
0120693
0119715
0072684
0126916
0114608
0264796
0083564
0338337
0084522
0113321
0093629
0140888
0094006
0116790
0082474
0264616
0119314
0432348
0116322
0084370
0120749
0228750
0109579
0079116
0328828
0298845
0398286
1024648
0120906
0189998
0450385
0091954
1219289
1077258
0184858
0084855
0091530
0498380
0267804
0286112
0116260
0094142
0102536
0415306
0087884
0273923
0252444
0332375
0117002
0279113
0112688
0783233
0113677
1454468
0100318
0107120
0109424
0111256
0192614
1515091
0093886
0094889
0089686
0077663
0061584
0098105
0120694
0052077
0073747
1568346
0311289
0090583
0094631
0265662
0065063
0113690
0067309
0267913
0078754
0109303
0126604
0154420
0094155
0073440
1605783
0049470
0458339
0402022
0124198
0089841
0301199
0113305
0117628
0038109
0105665
0116000
0411477
1318514
0098621
0026138
0063385
0120686
0064505
0092948
0085894
0120770
1748122
0107438
0118604
0808417
0101329
0085333
0389860
0119707
0029992
0120577
0120841
0120004
0100240
0093818
0120157
0045061
0413267
0101698
0120241
0117057
0017925
0315983
1099212
0036342
0390221
0088178
0478087
0030341
0048028
0840361
0115744
0107983
0081534
0078869
0371246
0190374
1210166
2278388
0239395
0065938
0108238
0095593
0907657
0091167
0068555
0062512
0988595
0964517
0050105
0119925
0021814
0060665
0118556
0065724
0265208
0239948
0111301
0118002
0069293
0113451
0069768
0120834
0113500
0046435
0438488
0027125
0359013
0049730
0119115
0104438
0069762
0461770
0059260
0317198
0099726
0117718
0165710
0110093
0379557
0878804
0113253
0297884
0327137
0141098
0118694
0049406
0052225
0114852
0196216
0181288
0245686
0084412
0335245
0080388
1045658
0436697
0354899
0099141
0441909
0108185
0096244
0472062
0393109
1155056
0036855
0278500
0068408
0822854
0183659
0098439
0054135
0117102
0327084
0079540
0870111
0091187
0117826
0159382
0095690
0080319
0085750
0076054
0108308
1055369
0089175
0139462
0128278
0115988
0117737
0015864
0076723
0218817
0138749
0333780
0252076
0486576
0120483
0283111
0304415
0349683
0072308
0289992
0093378
0114825
0349825
0489099
0080179
0093148
0355295
0089908
0113552
0126250
1446714
0066473
0095489
0344510
0116756
0093428
0805564
0119432
0089885
0386032
0101757
0023245
0397535
0443649
0093223
1306980
0113247
0200465
0198021
0092610
0106770
0250258
0328538
0430922
0348836
0160916
0086927
0120520
0085382
0335119
0053946
0281686
0401855
0993846
0179116
0465234
0082533
0124879
0120661
0181316
0134618
0047673
0120152
0138510
0104839
0094890
0250797
0094332
0106873
0479884
0158811
0082432
0367089
0026752
0948470
0268995
0107952
0091474
0107653
0356150
0094868
1408101
0098546
0112651
0117894
1068680
0186894
0105477
1229238
0283509
1007028
0111579
0097366
0387808
0338564
0068334
0119590
0120831
0808151
1570728
0140397
0445934
0107426
0245674
0101811
0156812
0266452
0240462
0097322
0107659
0307453
0037059
2015381
0116707
0454876
0274166
0113613
0106364
0248667
0497465
0824747
0252503
0119535
0056217
0362269
0109480
0036868
0066769
0117420
0083922
0080391
0116594
0065126
0120370
0091635
0087078
0099892
0072653
0327162
0391198
0263488
1300854
0049833
0385267
0092494
0097368
0015648
0095082
0079714
0092675
0109279
0234853
0100419
0080310
0094964
0117091
0100212
0113409
0116514
0119485
0095742
0060176
0046303
0373926
0104652
0107692
0117040
0133046
0258068
0385752
0119256
0093493
1951264
0109198
0144120
0102492
0457939
0095250
0120094
0086423
0205873
0091278
1037705
0118636
0289848
0309593
0346491
0158371
0062376
0358082
0073540
0450232
0088850
0342172
0117372
0087231
0112130
0114345
0092048
0756683
0051658
0124819
0028010
0116913
0363589
0120609
0069947
0055032
0120596
0116493
0150662
1798709
0156934
0120696
0082418
0271027
0102713
0443680
0113538
0101765
0115906
0825232
0114011
0309530
0417148
0039420
0251160
0460791
0083722
0119375
0164108
0073812
0086541
1259521
0072251
0097722
0097443
0049261
1385826
0445922
0112541
0115783
0080745
0080749
0094608
0298814
0052561
0085794
0245562
0475276
0089941
1104001
0089893
1282140
0118691
0435625
0082136
0211181
0099005
0363226
0110363
0082495
0231402
0464141
0119896
0048140
0303714
0062765
0088944
0397892
0107889
0073312
0067525
0084589
0120877
1650062
0079944
0124718
0120772
0034862
0884328
0141109
0053472
0100142
0179626
0057193
0120620
0060397
0117119
0116259
0115472
0082186
0061747
0425061
0102370
0104412
0272207
1454029
0115632
0118564
0033045
0424136
0107007
0374546
0111590
0137338
0050986
0131646
0117283
0063227
0167427
0260866
0125022
0054195
0240515
0131704
0081207
0488120
0293508
0099763
0970179
0427312
0259324
0096101
0267626
0142032
0117293
0145653
0060390
0028950
0158622
0366548
0051201
0190641
0281358
0195234
1001526
0091149
0116448
0086373
0317648
0071607
0091159
0116421
0070509
0107665
0065377
0119324
0051337
0070917
0318374
0097050
1170358
0115862
0050419
0285531
1587707
0110963
0245803
0100050
0499448
0233469
0120728
0108265
0110538
0385690
0104779
0059243
0151568
0230838
0057129
0200027
0408790
0396171
0037017
0112453
0118755
0057163
0101026
0096256
0114609
0379225
0976051
0058450
0236784
0918927
0442933
0290095
0401383
0133189
0233142
1245526
0188640
0202677
0255798
0338348
0047573
0120751
0112637
0112625
0275491
0174480
1091722
0026778
0129332
0237572
0100935
0091778
0080360
0116361
0094336
0329101
0056687
0264761
0450278
0129280
0489270
0097257
0272020
0116410
0923752
0388482
0060345
0078875
0024184
0120757
0293416
0103905
0799934
0816692
0109361
1371111
1631867
0077745
0079239
0089360
0838283
0944835
0118665
0104299
0089560
0104040
0119107
0102951
0091538
0098966
0053271
0110763
0076095
0048605
0229260
0089961
0314353
0116531
0076257
0070355
0065528
0238546
0328589
0090774
0160009
0116999
0111667
0472033
0084745
0219854
0330793
0062803
0108328
0117071
0087799
0068762
0189584
0118570
0096073
0095243
0216651
0369441
0349205
0029546
0092654
0413099
0118956
0120458
0103767
0369702
0097981
0404030
1877832
0112302
0088814
0080365
0087597
1772341
0054443
0086973
0329028
0110647
0113464
0048750
0086034
0876563
0077280
0217630
0327850
0034248
0271367
0898367
0067411
0814314
0082979
0070379
0327554
0097940
0343737
0031725
0045810
0274309
0279493
0034240
0259393
0389722
0109297
0324133
0048424
1478338
0092695
0264935
1320253
0162360
0178737
0279778
0117991
0123209
0033804
0120449
0035446
0076729
0075066
1032755
0253867
0168786
0116320
0106273
0111252
0118843
0101917
0481369
0038969
0077269
0102511
0374536
0110123
0404203
0150915
0073692
0100133
0086336
0094715
0133240
0120879
1041829
0102316
0342258
0083972
0086969
0088683
0236348
0103786
0780571
0974661
0205271
0390022
0092718
0452594
0091875
0120824
0010323
1659337
0134067
0432021
0067959
0256009
0110081
0119640
0250224
0051383
0480242
0486822
0095188
0368909
0120857
0077405
0120866
0117958
0114798
0107756
0087262
0471711
0288477
0324216
0057590
0108148
0240468
0109504
0096163
1135503
0077394
0258153
0090848
0210616
0125971
0059017
0300532
0102266
0094606
0080979
0379217
0114571
0052151
0069281
0088680
0119664
0053221
0110391
0465602
0052027
0429493
0090022
0115012
0093507
0462499
0176269
1033575
0114134
0061385
0100054
0074174
0412080
0431197
0117786
0093300
0316356
0384537
0115640
0120782
0183503
0086005
0337921
0832266
0978762
0195945
0170691
0118541
0048356
0019422
0795368
0292644
0337909
0154506
0889583
0113010
0025452
0103759
0228333
0107151
0110687
0106834
1152836
0311648
0436078
0385700
0851578
0301727
0219653
0202470
0071771
0068182
0112495
0087921
0115033
0087175
0113149
0099939
0318649
2267998
0101523
0166175
0083946
0080716
0087298
0144964
0099699
0119080
0120662
0421239
0091499
0099365
0091991
0093209
0305711
0986263
0115851
0311519
0095294
0113691
1019452
0430357
0112368
0070510
0053779
0105275
0284490
0463985
0401997
1234548
0362120
0480025
0149691
0067741
0120722
0290673
0384680
0384793
1155592
0109456
0155388
0475394
0486358
0059793
0118826
0247586
0479143
0435705
0111333
0077305
0172396
0132245
0366627
0113537
0111003
0145734
0109443
0102388
0357277
1298650
0112744
0340163
0082766
0095897
0360201
0418689
0119381
0398165
0235198
0113729
0111001
0316396
0109450
0091080
0171359
0448011
0099044
1499658
0356618
0058946
0119574
0758766
0108515
0117924
0300051
1232829
0088206
0758774
0099253
0022913
0097388
0065207
0107286
0413845
0085811
0080120
0410297
0070903
0116168
0100486
0074851
0119778
0090768
0287717
0385002
0118750
0134619
0102034
0111712
0252501
0102945
0419706
0949731
0078158
0056443
0427327
0069089
0212712
0065777
0381707
0105107
0119038
0117104
0418819
0465551
0256524
0086637
0449010
0338135
0054428
1231587
0113755
0106701
0093185
1217209
0080549
0795421
1655442
0092666
0206314
0092603
0083652
1054606
0210234
1139328
0114787
0105156
0087265
0425123
0100140
0150216
0078718
0457510
1000774
0960144
0116414
0118804
0347246
0120533
0102719
0323944
0985694
0452637
0446059
0431308
1305806
0386117
0031580
1800241
0139668
0415978
0292963
0118040
0098206
0088993
1127180
0079638
1192628
0156887
0113808
0096933
1259571
0117477
0403358
0116289
0066434
0116606
1399683
0050783
0100404
0070290
0086312
1645089
1790885
0096328
0090190
1843866
0090203
0110678
0082484
0192731
0062467
0970416
0164114
0164312
0099528
0117768
0086154
1179904
0095889
0758730
0089173
0093509
0983193
0109890
0091223
0118301
0181739
0109592
0106339
0985699
0120654
0365485
0115645
0116275
0116311
0071402
0398808
0283900
0112536
0052722
0120703
1411697
1059786
0066892
0110588
0370032
0093857
0059646
0037884
0102175
0044741
0095348
0037913
0208988
0075784
0485947
0058898
0368709
0091680
0309987
0397101
0084296
0493430
1220719
2294629
0088184
0422720
0120036
0099165
0094746
0305669
0090142
1490017
0109093
0120741
0093605
0038166
0268397
0375173
0110189
0029162
0109287
0251114
0142192
0104507
0065088
0071877
0770828
0098645
0089907
0303816
0101458
0107091
0060827
0451094
0303933
0356634
0085636
0058329
0092974
0407265
0120742
0109771
0256408
0443274
0088889
0084237
0068611
0398712
0104254
0297181
0401711
0115580
0388125
0089489
0098273
0039689
0088146
0078163
1174732
0119592
0155776
0046876
0157583
0377109
0076009
0096794
0102070
0149624
1535109
0100332
0067800
0981227
0058586
0338466
0139362
0103596
0372824
0421238
1001508
0186045
0020697
0120646
0094894
0479952
0404032
0100232
0462504
0238112
0109493
0107004
0080861
0048281
1131729
0844471
0042208
0089385
0089652
0118866
0087004
0113936
0199725
0278731
0050613
0080491
0037674
0120524
0089092
1038988
0813547
0283139
0119250
0077355
0119152
0098309
0310775
1483013
0310910
0095179
0077572
0203632
0116041
0120711
0104990
0114805
0959337
0102426
0268690
0046911
0125454
0066011
1054485
0054167
0423866
0124295
0112438
0082934
0105128
0134983
0012349
0099558
0082869
0124595
0095174
0308514
0066580
0892782
0044121
0168122
0144640
0091445
0244970
0302640
0424095
0119304
0414852
0463034
0473075
0031742
1235166
0116151
0054649
1092026
0095800
0468489
0451079
0046816
1637688
0254099
0318411
0112373
0203755
0108539
0238924
0477139
0070334
0038559
0120716
0914798
0085701
0058777
0296042
0100114
0243862
0235737
0078087
0101846
0101745
2024544
0762107
0102343
0081455
0227005
1185616
0275309
0371606
0095382
0032762
0427229
0443272
0119517
0309377
0041650
0213790
0393162
0465624
0095271
0093690
0890870
0481536
0094025
0081554
0041090
1189340
0067023
1080016
0119994
0104466
0059026
0116353
0103956
0040068
0247196
1046173
0955308
0317303
0112499
0074156
0236388
0264395
0304669
0300140
0328880
0078966
0112435
0377471
0408777
1663662
0115885
0181151
0095687
1637725
0051808
1409024
0462200
0160236
0071411
0261983
0038348
1124035
0280609
0356680
0119670
0089087
0275022
1054486
0366777
0800320
0114323
0051406
0069097
0991178
0110882
0092534
0430105
0790636
0211443
0385880
0993842
0123987
0086129
0203166
0815241
0361127
0460740
0156841
0091939
0110857
0332047
0365830
1598778
0166276
0113158
0103130
0382077
0455824
0114095
0061407
0327679
0104114
0103129
0122529
0192335
1399103
0106941
0042276
0436613
1120985
0033891
0119632
0120776
0100944
0118966
0225071
0473705
0405325
0473308
0113896
0106966
1201167
1188729
0032484
0094963
0106375
0366780
0108211
0041113
0097474
0089643
0286788
0034928
0109842
0108500
0041716
1291584
0077838
0103285
0360009
0108000
0112749
0327437
0110308
0086873
0090655
0120701
1226774
0094008
0265087
0117688
0033729
0082288
0421054
0421082
0117011
0123964
0186975
0414982
0389790
0109891
0074937
0370986
0111094
0166252
0102768
0368933
0035896
0119086
0076137
0465494
0081846
0037558
0419887
0020640
0468492
0078872
0386140
0110006
1197624
0096316
0102015
0095652
0118892
0061809
0086006
1302011
0109913
0025164
0243585
0099776
0377107
0387877
0995039
0120764
1386588
0816711
1535108
0377818
0799949
0385307
0490204
1706593
0090966
0047528
0454841
0058576
0076786
0436058
0299117
0120901
0300556
0184791
0246894
0493459
0312528
0327247
0857191
1226229
0221218
0083630
0427470
0383028
1325004
1421373
0107840
0834001
0090103
0106627
0118863
0077288
0034398
0116059
0188674
0068361
0145893
0316465
0070239
0032143
0452608
0109306
0035169
0162983
0076489
0313911
0861739
1058017
0056142
0090660
0220099
0037382
0079833
0092546
0119484
0250081
0103939
0402399
0055353
0023027
0437800
0078790
0251736
1176740
0095963
0109067
0387898
0254455
1216487
0030993
0071206
0446755
1185834
0258470
1931533
0067588
0058083
0082199
0073631
0347618
1401152
0114736
0456554
0486551
0119843
1279935
0364045
0028772
0116508
0062994
1308667
0096486
0099615
0927619
0040416
0092076
0144814
0377752
0041546
0384806
0242193
0107156
1981115
0091860
0120029
1263670
0116621
0283832
0047472
0152930
0108451
0254686
0280486
0114113
0101912
1057500
0409847
0048977
0345950
0822832
0115493
0070544
0055031
0031971
1392214
0113028
1013743
0096094
0061452
0106473
0200530
0094744
0374102
0113303
0116481
1315981
0138987
0154421
0105104
0140796
0186253
0489037
0780521
0097858
1527186
0294870
0057251
0284978
0358135
0120317
0287839
0293564
0105130
0349710
0076584
0452694
0117965
0443489
0082817
0210070
0403508
0077362
0099329
0486946
0228786
1670345
0102757
0102592
0218922
0396555
0842926
0116743
1343097
0184907
0070849
0389557
0111323
0065566
0051744
0166943
0231775
0095253
0107985
1133985
0089826
0091983
0250323
0059170
0367479
1121931
0213847
1340800
2112999
0242445
0117603
0280665
0426931
0457513
1032846
0120725
0065571
0410097
0396752
0119167
0096219
0098519
0119695
0120613
0119109
0060153
0090887
0454945
0165859
0047977
0094612
0053172
0204626
0097637
0116404
0119791
0120390
0075200
0132512
0101787
1286537
0348333
1065073
0113674
0053559
0069995
0978764
0112443
0095709
0329774
0243655
0280778
0383216
0120514
0164085
0870984
0947810
1458175
0115495
1907668
0069198
0051036
0093693
0086859
0210075
0089424
0087727
0257756
0100395
0094761
0166813
0119718
0265298
0067756
1034303
0383694
1424381
0056931
0387412
0466342
0091886
0338427
0173716
0808506
0120769
0045891
0250310
1194173
0117364
0051207
0165078
0119123
0083967
0092618
0080025
0057197
1979320
0120238
0080354
0096071
0338459
0078721
0436971
0408345
1130080
0037101
0087344
0016641
0395251
0395584
0048473
0134630
0295700
0052572
0037515
0351977
0247199
0417001
0116240
0163983
0194218
0221073
0467200
0467197
0119578
0091993
0100135
0023427
0043924
0109305
0082783
0241760
0114928
0116165
0107034
0478134
0119196
0082416
0279064
1231583
0057180
0094824
0035279
0111194
0091799
0095107
1013752
0048021
0088650
0113283
0108330
0083169
0056119
0044008
0103617
0246544
0019254
0409182
0104409
0113596
0051994
0031885
0419294
1465522
0218043
0215545
1690953
0433362
0022958
0990407
0859163
0445990
0865556
0361411
0104928
0074452
0089504
0397065
0106266
0186589
0098282
0296166
0331632
0035093
0443701
0120490
0056262
0841046
0092632
0060086
0097027
0063415
0079641
0110305
0092593
0168987
0364385
0426883
0107096
0259288
0116722
0213203
0114296
0162830
0280460
0420087
1078912
0110097
0219822
0439815
0243493
0090056
0071455
0110365
0092605
0099073
0423977
0119937
0119013
0071110
0103112
0092925
0295427
0051554
0120389
0216800
0266489
1129442
0124179
0079640
1142988
0118531
0120169
0081150
0391024
0039416
0156729
0367959
0060371
1334260
0375210
0443536
1386703
0119142
0118849
0033922
0059319
0116631
0032234
0052738
0091209
0929632
0395699
1453405
0110399
0084809
0418773
0060550
1054487
0053085
0465580
1033643
0120112
0046268
0299930
0351817
0388473
0388789
0367555
0425413
0257568
0382992
0775529
0113851
0460829
0364970
0970411
1284575
0094321
0364751
0119656
0091578
0044744
0106379
0120373
0120603
0055471
0099800
0329717
0104009
0116571
0073817
0093075
0092796
0049096
0104029
0031397
0067128
0087747
0240510
0313443
1862079
0119906
0119891
0085346
0072288
0335559
0377062
1424432
0250305
0052948
0035015
0301470
0106880
0037549
0138946
0075213
0118589
0377091
0282674
2103281
0091653
1172233
2194499
0076221
0103924
0056241
0118736
0480669
0478304
0359950
0416236
0106664
0078723
0364517
0109021
0119336
0162710
0105428
0095801
0180052
0110613
0161860
0090859
0279077
0862846
0053143
0278435
0469641
0055304
0242998
0081568
0188453
0892791
0114151
0100998
1190722
1632708
0087003
0347048
1034032
1217613
0044829
0283084
0271263
0844286
0119311
0075648
0104549
0243508
0365885
0401233
0074102
0102558
0065134
0398375
0059575
0308208
0100740
0468565
0960731
0808146
0093220
0061138
0206420
0117891
0200720
0252299
0155711
0059885
0098622
0100449
0085478
1111422
0112288
0093512
0050738
0380510
0105165
0398017
0119783
0369735
0492506
0098143
0338188
0071129
0119095
0066832
0283003
0200469
0264578
0087507
0070506
1243957
0112887
0120122
0102005
0356470
0362225
1343727
0283026
0379889
1411238
0285441
0107472
0246989
0403702
0115693
0168501
0080661
0069280
0477080
0112757
0058625
0055895
0244316
0045555
0081974
0433400
0426578
0411061
0115725
0120800
0090274
0082085
0062229
0106926
0087932
0406375
0090567
0041094
0069467
1707386
0145503
0075824
0165494
0092804
0251031
0113463
0118819
0041996
0118539
0373051
0119848
0094602
0097659
0258273
1213663
0115633
0053580
0058092
0117359
0275719
0024264
0117883
0450345
0298744
0020530
0119723
0081454
0282687
1731141
0045537
0109015
0871426
1132626
1045772
0109120
0069495
0113362
0098141
0071746
0246772
0110353
0074695
0085271
0283530
0042041
0119210
0120731
0281373
0059183
0395972
0443632
0057187
0097965
0160399
0072281
0162973
0165773
0088024
0382628
1430132
0089126
0048445
1313104
0063850
0079550
1073498
0195778
0423294
1646971
0110604
0136244
0081562
0367027
0952640
1287845
0081383
0331811
0377713
0404390
0120710
0176783
0083943
0160484
0065234
0365376
0297284
0963966
0107413
0046438
0038854
0418038
1245492
0074512
0220100
0090180
0348121
0414055
0093407
0087032
0086383
0271668
0406816
0074483
0256276
0269095
0138563
0050371
0055830
0114039
0112606
0098625
0282209
0416508
0204175
0086993
0101764
0077413
0113416
0266860
0269347
0316732
0371257
0401729
0119225
0071569
0401085
0839980
1045778
1855199
0068935
0104756
0367652
1220634
0107566
0077530
0328962
1412386
0133363
0036261
0082736
1343092
0109729
0120706
0161100
0097737
0237539
0165832
0338094
0083550
0057565
0308379
0107322
0234354
0165982
0098987
0088760
0097457
0295254
0110200
0113448
0048491
0090098
0298408
1178663
2106476
0113280
0077523
0364343
0438205
1615147
0112342
0075040
0127349
0278488
0281364
0399877
0450188
1084950
0055608
0330069
0055798
0378947
0117093
0144715
0109340
0118113
0057345
0144201
0230591
0108473
0101516
0102943
0204313
0402894
1341167
0050539
0314412
0119053
0110892
0241025
0220506
0263757
0060522
1228987
0120765
0222851
0105327
0112445
0028597
0071577
0808357
0137439
0303353
0280491
0318283
2562232
0113442
0094933
1230414
1464540
0097635
1840309
0080377
0098437
0110939
0110978
0088708
0246464
0080437
0060107
1117385
0116745
0081529
1069238
1832382
0115530
0074811
0455407
0427152
0087089
1440728
1436562
0073012
0366174
0053137
0107630
0039190
0050086
0289408
0306841
0267287
0472160
1555149
0318761
0160338
0110759
0113089
0091554
0115676
0120773
0061107
0151582
0064782
0758752
0111454
0036872
0179098
0083806
0353969
0227984
0102216
0093936
0112570
0118566
0102517
0453451
0095927
1278469
1596343
0094921
0085615
0025913
0146455
0285492
1606392
0100258
0102469
0134154
0053793
0460989
0028212
0101465
0032943
0071115
0462590
0463998
0116827
0089994
0072856
0455967
0056937
0101635
0452625
0086619
0084597
0988047
0041509
0113443
0056048
0080516
0337697
0372532
0466909
0100828
0199683
1155076
0433035
0193253
0364961
0401445
2053463
0044672
0120576
0355702
0901476
0105399
0095925
0097289
0109190
0264150
0338309
0118523
0077742
0453556
0107468
0092105
0080297
0418455
0814255
0119887
0091188
0473444
0113083
0119594
0110693
0120207
0105699
0234829
0080472
0085475
0365686
0082377
0192071
2085059
0116442
0087980
0085276
0083590
0278823
0477071
0047849
0804497
0448694
0040724
0075223
1935179
0120788
0194314
0080736
0787475
1045670
0980970
0045920
0308383
0303361
0427392
0938283
0306685
0119326
0192111
0040662
0350028
1981677
1735898
0111488
0181530
0053084
1723811
0120823
0110570
0280720
0062794
2334873
0089200
0095488
0424823
0099697
0097138
0098575
0087957
0324554
0424993
0483607
0864761
0037514
0058708
0092690
0243664
0387514
1017460
2209418
0090886
0285861
1375670
0113849
0083642
0118064
0326856
1149362
0096018
0046487
0790724
1063669
0093278
0255653
0117791
0060921
0046126
0089901
0065780
0106307
0137386
0102555
0416315
0434139
0841044
0416044
1078188
1462758
0093206
0099512
0400525
1175491
0071935
0090570
1645170
0093200
0074899
1135985
1114740
2125435
0107447
0043338
0338095
0368794
1135487
0118818
0110631
0095638
1324999
0031385
0861689
0391304
0817230
2125608
0120323
0119448
0100594
0059297
0215369
0078504
0102526
0068638
0811080
0265808
0246677
0454776
0050658
0239949
0056291
0113403
0053183
0102782
0427309
0072443
0067824
0345061
1204342
0111019
0081777
0050307
0483726
1189073
0831387
0120836
0279781
1118511
1255953
0116378
0134033
0061619
0217756
0082163
0242587
0118643
0119114
0093560
0081696
0061177
0449089
0380268
0476964
0249478
0271219
2084970
0310357
0103882
0070644
0455538
0119305
0053318
0280477
0433416
1478964
0057869
0101748
0115669
0120753
0080520
0288045
0035575
0076363
0963178
1706620
0120670
0087700
0082250
0258038
1093908
2294449
0110064
0118647
0084938
0219952
0070460
0088915
0240900
0027260
0373883
0114938
0120512
0211465
0291350
0397313
0313487
0400497
0482606
0472399
0375154
1872181
0048261
0481141
1024715
0362478
1764651
0087365
0845046
0112255
0101821
0104695
1077368
0077711
0163579
0109288
0400717
0758794
0095468
0409904
0498399
0096251
0107254
0114129
0119214
0089604
0266465
0335563
0339230
0457572
0112854
0095519
0057427
0437863
0057518
0101318
0038890
0077578
0104810
0089208
0098319
0288439
0088727
1242460
0102014
0120618
0436331
1148204
1601913
0114210
0115886
0119465
0080474
0265591
0325537
0491747
0815236
0113438
0100049
0286179
0314725
0053976
0457419
1568921
2872732
0291579
0050706
0362165
0472566
0770752
0111309
0035140
0269389
0369226
0364955
0120610
0091431
0114720
0498353
1187043
0099180
0239986
0101898
0337876
0085474
0475293
0116823
0115856
0058333
0099204
0376968
2140373
1951265
0106557
0050814
0033717
0038669
0105159
0059749
0372237
0208196
0106223
0091396
0199626
0054389
1095217
0085154
0026174
0482546
0119908
0093776
0076716
0237993
1591095
0190524
0318997
0110769
0053459
0101492
0119509
0097481
0098471
0082477
0022286
0323033
0259974
0072730
0081748
0097235
2310332
0119215
0413015
1723121
0035211
0308476
0361467
1232207
0765010
0141105
0024852
0093405
0086361
0036244
0018455
0421073
0986233
0113199
0029606
0104850
0099851
0284837
0151691
0089003
0408664
1053424
1313092
0112602
0112913
0093476
0316188
0065051
1027718
1899353
0100168
0309912
0113824
0460792
1772925
0054692
0180734
0102820
0852713
0090563
0423409
0465142
0308055
0477051
0449040
0910554
1532503
1817273
0059557
0119273
0049314
0029870
1157605
0120687
0236216
0102898
0066740
0317676
0375920
0109035
0022879
0068612
0314786
0109951
0266391
0068156
0058379
0313792
0361925
0052893
0325655
0318974
0057449
0233687
0235327
0962736
0120481
0111419
0060934
0244000
0076070
0270933
0260991
0378109
0866439
0831887
2872718
0211938
0089114
1440292
0094072
0335121
1587310
0103247
1152758
0085159
0132910
0042327
0348593
0444653
0808279
0970468
0814022
0094678
0058888
0040725
0121804
0439289
0054189
0115951
0043379
0085470
0087892
0061391
0071970
0452598
1233227
0119910
0091344
0095360
0103791
1034331
1242422
2042568
0092746
0093036
0097044
0038574
1174730
1560747
0203408
0261289
0339034
0064418
0338096
0087910
0266425
0768212
0048918
0075807
0096289
0318034
0343168
0424205
0385726
0048347
0019760
0099864
0499603
1082886
1457767
0115005
0084329
0108188
0055018
0092272
0058230
0070948
0420294
1131734
1186367
1540133
0084335
0183869
0420251
0430912
0978759
1038919
0082252
0279331
0318155
0056732
0408524
0110186
0346336
0053619
0452702
0120598
0049513
0083366
0030241
0086491
0099994
0097390
0270707
0281820
0301414
0142201
0097500
0038762
1258197
1588173
0095088
0265713
0044876
0088414
0102456
0331953
0057831
0427969
1197628
1599348
0106868
0083869
0088707
0164756
0143861
0060438
0340012
1023481
1078940
0107387
0369672
0419677
0914863
0306734
0086525
0079261
1117563
0075572
1179034
0141986
0208990
0090021
0053146
0422528
0058536
0109415
0093516
0165643
0174336
0106469
0295289
0328099
0326977
0123865
0118829
0035899
0133412
0171865
0360139
0146247
0470765
0107057
0096321
0489049
1614989
0120723
0251739
0811138
1623205
0111689
0117561
0119807
0388980
1436045
1440129
0100680
0078935
0800241
0107613
0119934
0097100
0110364
0091251
0332658
1127715
0037638
0098097
0099731
0293088
0093137
0107843
0113080
0091630
0103184
0041699
0490084
1166827
1289406
0110246
0164212
0073582
0408839
0765120
0118859
0100514
0879870
0085919
0179074
0102443
0373981
1226271
0040525
0075610
0095863
0097531
0060955
0031398
0386064
0114702
0109655
0138874
0079766
